  -1,
  .707106781186547461715008466853760182857513427734375,
  .63245553203367588235295215781661681830883026123046875,
  .6135719910778962837838435007142834365367889404296875,
  .6088339125177524291387953780940733850002288818359375,
  .60764825625616813997709186878637410700321197509765625,
  .60735177014129593242586224732804112136363983154296875,
  .60727764409352602559266642856528051197528839111328125,
  .60725911229889273368343083348008804023265838623046875,
  .60725447933256238020049977421876974403858184814453125,
  .607253321089875175431416209903545677661895751953125,
  .6072530315291342351002867872011847794055938720703125,
  .6072529591389448366811620871885679662227630615234375,
  .60725294104139704298717106212279759347438812255859375,
  .60725293651701017783040015274309553205966949462890625,
  .6072529353859135170523586566559970378875732421875,
  .607252935103139268591121435747481882572174072265625,
  .60725293503244570647581213052035309374332427978515625,
  .6072529350147723992137116511003114283084869384765625,
  .607252935010353933620308453100733458995819091796875,
  .60725293500924937273310888485866598784923553466796875,
  .60725293500897326026688460842706263065338134765625,
  .60725293500890431541705538620590232312679290771484375,
  .60725293500888699593787123376387171447277069091796875,
  .60725293500888266606807519565336406230926513671875,
  .6072529350088815558450505704968236386775970458984375,
  .607252935008881333800445645465515553951263427734375,
  .60725293500888122277814318294986151158809661865234375,
  .60725293500888122277814318294986151158809661865234375,
  .60725293500888122277814318294986151158809661865234375,
  .60725293500888122277814318294986151158809661865234375,
  .60725293500888122277814318294986151158809661865234375,
  .60725293500888122277814318294986151158809661865234375,
  .60725293500888122277814318294986151158809661865234375,
  .60725293500888122277814318294986151158809661865234375,
  .60725293500888122277814318294986151158809661865234375,
  .60725293500888122277814318294986151158809661865234375,
  .60725293500888122277814318294986151158809661865234375,
  .60725293500888122277814318294986151158809661865234375,
  .60725293500888122277814318294986151158809661865234375,
  .60725293500888122277814318294986151158809661865234375,
  .60725293500888122277814318294986151158809661865234375,
  .60725293500888122277814318294986151158809661865234375,
  .60725293500888122277814318294986151158809661865234375,
  .60725293500888122277814318294986151158809661865234375,
  .60725293500888122277814318294986151158809661865234375,
  .60725293500888122277814318294986151158809661865234375,
  .60725293500888122277814318294986151158809661865234375,
  .60725293500888122277814318294986151158809661865234375,
  .60725293500888122277814318294986151158809661865234375,
  .60725293500888122277814318294986151158809661865234375,
  .60725293500888122277814318294986151158809661865234375,
  .60725293500888122277814318294986151158809661865234375,
  .60725293500888122277814318294986151158809661865234375,
  .60725293500888122277814318294986151158809661865234375,
  .60725293500888122277814318294986151158809661865234375,
  .60725293500888122277814318294986151158809661865234375,
  .60725293500888122277814318294986151158809661865234375,
  .60725293500888122277814318294986151158809661865234375,
  .60725293500888122277814318294986151158809661865234375,
  .60725293500888122277814318294986151158809661865234375,
  .60725293500888122277814318294986151158809661865234375,
  .60725293500888122277814318294986151158809661865234375,
  .60725293500888122277814318294986151158809661865234375,
  .60725293500888122277814318294986151158809661865234375,
  .60725293500888122277814318294986151158809661865234375,
  .60725293500888122277814318294986151158809661865234375,
  .60725293500888122277814318294986151158809661865234375,
  .60725293500888122277814318294986151158809661865234375,
  .60725293500888122277814318294986151158809661865234375
