  .25,
  .1475836176504332630798899117507971823215484619140625,
  .07797913037736932395649347427024622447788715362548828125,
  .039583424160565545968371026219756458885967731475830078125,
  .0198685243055408411461115747442818246781826019287109375,
  .00994394782358927475929277761679259128868579864501953125,
  .00497318727895041355624439205485032289288938045501708984375,
  .00248674539366973944287675379882784909568727016448974609375,
  .001243391668714100527226573689176802872680127620697021484375,
  .000621698205923371625958306907477890490554273128509521484375,
  .0003108493994100203889306699434058600672869943082332611083984375,
  .00015542473676113154946488992269593154560425318777561187744140625,
  .000077712373012583417443595312779081041298923082649707794189453125,
  .0000388561870852939953758543867312624797705211676657199859619140625,
  .00001942809361502228351968428465834648477539303712546825408935546875,
  .000009714046816558053335844725995062987067285575903952121734619140625,
  .0000048570234094098901914062123286175420844301697798073291778564453125,
  .00000242851170484630303613858733069452711106350761838257312774658203125,
  .0000012142558524408212606237288111454830641378066502511501312255859375,
  .0000006071279262226192687218299937068621829894254915416240692138671875,
  .00000030356396311158576710171989876396736462993430905044078826904296875,
  .00000015178198155582740014346056212080071645686984993517398834228515625,
  .00000007589099077791814699470336613718046692156349308788776397705078125,
  .0000000379454953889597087720621237938445347026572562754154205322265625,
  .00000001897274769447985438603106189692226735132862813770771026611328125,
  .00000000948637384724013895125234452354590075628948397934436798095703125,
  .000000004743186923619857717389358686688183297519572079181671142578125,
  .0000000023715934618099288586946793433440916487597860395908355712890625,
  .00000000118579673090496442934733967167204582437989301979541778564453125,
  .00000000059289836545269397291048341092078999281511642038822174072265625,
  .0000000002964491827261352282184281303756279157823882997035980224609375,
  .00000000014822459136306761410921406518781395789119414985179901123046875,
  .000000000074112295681745565291420607678674059570766985416412353515625,
  .0000000000370561478408727826457103038393370297853834927082061767578125,
  .00000000001852807392043639132285515191966851489269174635410308837890625,
  .0000000000092640369600064374246140008750671768211759626865386962890625,
  .00000000000463201848000321871230700043753358841058798134326934814453125,
  .00000000000231600924021336759296707530353387483046390116214752197265625,
  .0000000000011580046198949255596699625669998567900620400905609130859375,
  .00000000000057900230994746277983498128349992839503102004528045654296875,
  .000000000000289501155185489626731065726517044822685420513153076171875,
  .0000000000001447505775927448133655328632585224113427102565765380859375,
  .00000000000007237528879637240668276643162926120567135512828826904296875,
  .00000000000003618764418642796652780813104754997766576707363128662109375,
  .0000000000000180938223049722200774791502908556140027940273284912109375,
  .00000000000000904691115248611003873957514542780700139701366424560546875,
  .00000000000000452345536448481820579470280563327833078801631927490234375,
  .0000000000000022617278940006459164724361698972643353044986724853515625,
  .00000000000000113086394700032295823621808494863216765224933624267578125,
  .0000000000000005654317617419246655430242753936909139156341552734375,
  .00000000000000028271588087096233277151213769684545695781707763671875,
  .000000000000000141357940435481166385756068848422728478908538818359375,
  .0000000000000000706789702177405831928780344242113642394542694091796875,
  .00000000000000003533948510887029159643901721210568211972713470458984375,
  .0000000000000000176699543126719593733042756866780109703540802001953125,
  .00000000000000000883497715633597968665213784333900548517704010009765625,
  .0000000000000000044172768199311762682413018410443328320980072021484375,
  .00000000000000000220863840996558813412065092052216641604900360107421875,
  .0000000000000000011045309632196076421450925408862531185150146484375,
  .00000000000000000055226548160980382107254627044312655925750732421875,
  .000000000000000000276132740804901910536273135221563279628753662109375,
  .0000000000000000001380663704024509552681365676107816398143768310546875,
  .00000000000000000006903318520122547763406828380539081990718841552734375,
  .00000000000000000003430483436379916373226706127752549946308135986328125,
  .00000000000000000001736417541871315695090061126393266022205352783203125,
  .000000000000000000008470329472543003390683225006796419620513916015625,
  .0000000000000000000042351647362715016953416125033982098102569580078125,
  .00000000000000000000211758236813575084767080625169910490512847900390625,
  .00000000000000000000127054942088145050860248375101946294307708740234375,
  .00000000000000000000042351647362715016953416125033982098102569580078125
